PSEUDOPILOT:ALL

AIRPORT_ALT:15.0

ILS08L:23.605960:58.303430:23.592110:58.329260
ILS08R:23.609020:58.297290:23.592180:58.323040
ILS26L:23.592140:58.323110:23.609050:58.297220
ILS26R:23.592050:58.329190:23.605990:58.303360